K 67.0 261.0 3 0.0 0.2 0.8 90
A 155 166 0.6482257555252717 1.1739173705650918 0.46950988100488616 0.09764249599739111 0.016000895188299703 0.1582264011839779 0.6285995551586562 0.19462455518180752
A 208 179 1.2221046804192306 1.3884603588742017 0.484670263251967 0.18451388815148317 0.06026977085745906 0.019790585455024944 0.7685861570643342 0.19751597053236386
A 225 170 0.6319891327352531 1.4520447466725996 0.440690154154272 0.04187955296242083 0.13343589570565476 0.0052883602013802595 0.606949360858124 0.15313295320054074
A 223 154 1.1102173554838894 1.6282523501189652 0.5681359868050659 0.07470847222176139 0.062162520245370105 0.15231265940420316 0.6724693331701126 0.2579003536063529
A 171 200 1.148503072495041 1.4928250728908798 0.5690937416862927 0.05319844681703052 0.006907749646759331 0.02799985398584145 0.7257255681728283 0.19551632928003734
A 144 243 0.9729968348394255 1.7297961609688328 0.4612071789970288 0.10913749565395675 0.016791471860050835 0.1748689400234102 0.6906627352766447 0.24131438785053233
A 138 253 1.0892933819402533 1.9552035749252317 0.4088577115294786 0.15214270895789042 0.008351365443175341 0.29777067276868685 0.7750022413792075 0.22284185073073154
A 142 288 1.073318826837942 1.473939670785608 0.4391631931673503 0.058841017170035315 0.15478252256760167 0.2851501561576407 0.7925177819674736 0.13970402524709524
A 177 280 0.9799497923652967 1.85489690044405 0.45138800220003816 0.06895180555279579 0.07047627233088154 0.1647858369596085 0.6117051643045569 0.20817426360319458
A 230 207 1.1243702768019852 1.4894797157106803 0.47092626044521707 0.0860278808840417 0.060075963372081966 0.22958595716212332 0.761118459154051 0.26675625205282566
A 280 203 1.2651058815458172 1.3719039774918158 0.5910957816173985 0.10054965698562537 0.00272935687341036 0.2260841606995252 0.6727058566169754 0.027427786202102875
A 201 281 0.9974060528024059 1.6676297892734506 0.6990328194166633 0.05742351562751602 0.10575974874974939 0.07786838218379812 0.7576883791919312 0.2870887430760592
A 191 315 0.8125589232317756 1.1131150181709182 0.6847015922309001 0.020410525363181265 0.19472986106930162 0.044735418024659857 0.6378611898188545 0.27819825184797625
A 169 327 1.0532349255507447 1.047721620587231 0.4767625757037379 0.15858814135226046 0.022969750598272155 0.2621561529644231 0.7975829928561882 0.22711730346575812
A 133 317 1.1518093154176006 1.303816278139747 0.6140283373388263 0.1951461931110754 0.1533794337580877 0.23012566037096283 0.6676824995078963 0.2908107482868873
A 99 247 0.5442844483846414 1.6112277522941694 0.5022474486047136 0.13848463597292932 0.09417299059819154 0.25059909462236213 0.7308314452936526 0.1949727649445636
A 128 176 0.5393193812400023 1.9297515359178652 0.6614702395712397 0.06302631297746249 0.015979695490536794 0.17640916563487563 0.7973141297195525 0.15303879695871006
A 257 72 0.5403443298168714 1.1860138099734705 0.6519768351793234 0.09441847748696258 0.19463362593030265 0.1892948445697067 0.7451980847441743 0.24783266271001997
A 330 126 1.3093495288059969 1.6021167641848841 0.4604668035386697 0.012739085199528289 0.0841599908688485 0.22537892500145754 0.7927570619545219 0.040589115379709835
A 350 222 0.7066812175510602 1.9240087486932484 0.619802215386394 0.19639403489300228 0.04135278478114799 0.2487633432213423 0.6371652954286994 0.2412275987431784
A 354 198 1.3592574225927665 1.21019947361771 0.5948446817563378 0.02035017523998548 0.15653466248925563 0.22334200247419583 0.7079954786635362 0.12035305162144753
A 320 133 0.586606300837826 1.9634986994134427 0.6723868528863388 0.02619230285936951 0.001412046830742919 0.1804203556518105 0.6345265755048072 0.0007755493061613383
A 270 111 1.2799496999182849 1.9388917447416043 0.6249980391149932 0.0336288002952055 0.13677706911651666 0.007623655515989136 0.6545061171913533 0.09279156879855546
A 215 104 1.2202375587753305 1.5760030873112036 0.5147517487045109 0.16054647254646406 0.1880092088616256 0.12941776714807576 0.62960686712583 0.00416590030537699
A 139 122 1.0364323525822998 1.2158332040244435 0.5743873424864758 0.06630054154430341 0.1836110307009099 0.018730755388471142 0.7867047905198843 0.2588216091345928
A 96 134 0.9514317034015742 1.6276561211717187 0.4110840978189081 0.0005463380146398134 0.07764290629550413 0.17404877705109123 0.7292882922566181 0.05106106792090711
A 76 140 0.6866136887840819 1.1026490313110808 0.4149459452524521 0.1411951072679635 0.0478390435475629 0.28020849425272476 0.7847808006317161 0.04444444576422466
A 90 101 1.3738529220021864 1.8108195032513519 0.5964251221358591 0.15288025418776555 0.09073716882065282 0.22276534974497608 0.6870269505745876 0.06647882874426474
A 170 56 1.3664268624714861 1.8079017353535374 0.608230321921442 0.11513406352304473 0.016390639648416385 0.1441269713312859 0.7976600404980256 0.06659535207905187
A 311 29 1.3699214030154843 1.7147143575585417 0.5590733743986794 0.07830163051863437 0.12090035482558102 0.04484335012776532 0.7213497721330185 0.2452033439879183
A 361 53 0.9064883684626023 1.9853388145063664 0.6760486931998255 0.18122948046022364 0.12329041717703493 0.27491952659667596 0.6588607273886347 0.22860565793286744
A 369 106 0.9394674628801356 1.5444055495547717 0.688591122287781 0.15570033497026878 0.15678464741200804 0.28573456063824004 0.714581061548947 0.04735114999005017
A 301 79 1.2082699490861835 1.7416118404574172 0.40912318164356737 0.0975896334325326 0.06745573223437239 0.052928063304089557 0.7673090755964247 0.18419086818648198
A 140 48 0.6539971209069029 1.6921117016526268 0.6982223878583491 0.055569306902408314 0.16984450259655448 0.04313500025229376 0.7378203174313105 0.023601498640331897
A 59 42 0.5778462538069671 1.6816335258064652 0.5935030375002892 0.09318423607653703 0.12950542000979728 0.21924107324101713 0.6677542069747374 0.1535536014910313
A 55 50 0.7573067600668549 1.1599670072460198 0.6039908572660249 0.1774989094559104 0.17959246515678445 0.009323698387150036 0.6380713362683735 0.12022831382718979
A 44 82 0.5853967007960681 1.2530016700035373 0.6196126852473343 0.04306296276890551 0.04215066470759657 0.1759160665422387 0.629721045442657 0.2135255552274317
A 32 152 0.8378547225998907 1.0560704153033154 0.6681740037728556 0.18909551519204726 0.12221065059254094 0.10928601036920942 0.6882941819467322 0.009420930813770588
A 30 253 0.8494845662389702 1.1408446644276946 0.5754380574976252 0.11281531181916578 0.053685898521720614 0.015763695044600724 0.6218288364606729 0.2568505301174701
A 39 294 0.5828812302549251 1.176794282317625 0.5703388624990486 0.16849040805974183 0.026340638860361754 0.039028328336925364 0.6387078413893675 0.018117261189690457
A 46 319 0.8353698063221194 1.7120384001993365 0.5485801181432198 0.06420365172376119 0.023081267583637623 0.2937588067103048 0.6235764898381851 0.28086762345327093
A 44 348 1.3533719107884665 1.7314497172025451 0.6483754520311082 0.11703061623862454 0.09164034145544298 0.004520387210915932 0.7443669532727795 0.1331004516050895
A 37 364 1.1033894507661033 1.4802568511089533 0.6929341945262613 0.1457825933164849 0.06228781139213407 0.21731359997557156 0.798262294253675 0.2573470384010236
A 87 373 0.7313494889600154 1.051528173616008 0.5401294832932593 0.020092401913920588 0.07592749991337185 0.23785280221226887 0.7791845166948064 0.06316992655953287
A 148 379 0.965201658173898 1.5549684839584197 0.5222399867600906 0.057571177483381836 0.09956934635641113 0.06407375506015818 0.658219929328871 0.19434740300283262
A 264 377 0.5297217427931759 1.0366187956037103 0.41710160792612344 0.1406399645790485 0.07245260068011661 0.1794149485807558 0.6317169030729963 0.1970879530272081
A 338 374 1.1191400248022627 1.177097033755266 0.5286627391697863 0.18218021364684098 0.015718145408096885 0.24457509436050603 0.7011634821589487 0.21575911740310674
A 352 372 0.6464832201380508 1.8045745234665849 0.5029616854790513 0.012297169166942346 0.012558240576249258 0.2573026932167045 0.7521872423687231 0.06173357788881658
A 360 362 0.8984571506114319 1.5394279738562227 0.4776320843552625 0.006674913096335989 0.10858957295706309 0.013649631618539293 0.6717746743275723 0.07391138293469651
A 350 342 0.6720874012802639 1.2443680961345047 0.6095260563364736 0.02912222844065464 0.1264723820657186 0.250464705512222 0.7070655661982177 0.2748559735984658
A 292 284 0.6990190220351482 1.299887435681178 0.4538544674827337 0.10181444712277166 0.14699949636276752 0.29986091201034565 0.7216749883323814 0.21688167541097514
A 314 264 0.566701867233294 1.938330637310622 0.5545061328231766 0.1777926015192589 0.16555615539083912 0.11362225330758896 0.6353264704886601 0.2604168735146544
A 310 296 1.171281969523504 1.5922965145115842 0.5709690676403347 0.02764958087891678 0.000740535206602333 0.0747474707027305 0.7316806648374277 0.23702916438690824
A 300 350 1.242374321130976 1.5535834396536683 0.5536410085515213 0.15372663556005034 0.18968214126853633 0.1355525772639921 0.6837415055401835 0.11346421906491322
A 310 345 0.9842192298126649 1.0232160089474072 0.6931822948832329 0.16396181716795538 0.014189695736188536 0.28582937816131676 0.6476525436311868 0.1911990173816542
