pista.jpg
0 0
400 400
11 9.8046875 8.91875 8.3421875 8.075 8.1171875 8.46875 9.1296875 10.1 11.3796875 12.968749999999996 14.867187499999995 17.074999999999992 19.59218749999999 22.302499999999995 24.828124999999993 27.13999999999999 29.238124999999993 31.122499999999995 32.79312499999999 34.24999999999999 35.49312499999999 36.522499999999994 37.33812499999999 37.93999999999999 38.328125 38.5025 38.4546875 38.075 37.329687500000006 36.21875 34.7421875 32.9 30.69218749999998 28.11874999999997 25.179687499999964 21.87499999999995 18.204687499999935 14.168749999999918 9.767187499999903 5
13.686875 12.243623925781252 11.118433203124999 10.311302832031252 9.822232812500001 9.65122314453125 9.798273828125001 10.26338486328125 11.046556250000002 12.147787988281252 13.567080078124997 15.304432519531249 17.359845312499996 19.733318457031245 22.30668125 24.695878906249995 26.871368749999995 28.833150781249998 30.581224999999996 32.11559140624999 33.43625 34.54320078124999 35.43644375 36.11597890625 36.58180625 36.833925781249995 36.8723375 36.690381347656256 36.201476562500005 35.37898291015625 34.22290039062499 32.733229003906246 30.909968749999994 28.75311962890623 26.262681640624972 23.438654785156217 20.281039062499957 16.789834472656192 12.965041015624921 8.806658691406158 4.3146875
16.0475 14.390308203124999 13.056982812499998 12.047523828125 11.36193125 11.000205078124997 10.9623453125 11.248351953124999 11.858225 12.791964453124995 14.049570312499995 15.631042578124996 17.53638124999999 19.765586328124993 22.199599999999993 24.45148437499999 26.491474999999994 28.319571874999994 29.935774999999992 31.340084374999986 32.5325 33.513021875 34.28164999999999 34.838384375 35.18322499999999 35.316171874999995 35.237224999999995 34.94130664062501 34.36240625 33.480212890625005 32.294726562499996 30.80594726562499 29.013874999999985 26.918509765624982 24.51985156249997 21.817900390624963 18.81265624999995 15.504119140624942 11.892289062499927 7.977166015624912 3.75875
18.081875 16.24474033203125 14.734398828124997 13.55085048828125 12.694095312499998 12.16413330078125 11.960964453125001 12.084588769531251 12.53500625 13.312216894531248 14.416220703124997 15.847017675781247 17.604607812499996 19.688991113281244 21.981256249999998 24.094941406249994 26.00031874999999 27.69738828124999 29.186149999999998 30.46660390624999 31.538749999999997 32.40258828125 33.05811875 33.50534140625 33.74425625 33.77486328125 33.5971625 33.20746337890625 32.55778906250001 31.633377441406253 30.434228515625005 28.960342285156255 27.21171874999999 25.18835791015624 22.89025976562498 20.317424316406218 17.469851562499958 14.3475415039062 10.950494140624931 7.278709472656169 3.3321875000000003
19.79 17.8069203125 16.15068125 14.821282812500002 13.818724999999997 13.143007812499999 12.794131250000001 12.7720953125 13.076899999999998 13.708545312499998 14.667031249999994 15.952357812499994 17.564524999999993 19.503532812499987 21.651649999999993 23.626249999999988 25.39789999999999 26.966599999999985 28.332349999999987 29.495149999999988 30.454999999999988 31.211899999999993 31.765849999999997 32.11685 32.26489999999999 32.209999999999994 31.95215 31.4888515625 30.787625 29.8384765625 28.641406249999992 27.196414062499993 25.503499999999985 23.562664062499984 21.373906249999976 18.937226562499966 16.252624999999956 13.320101562499948 10.139656249999934 6.711289062499924 3.0349999999999997
21.171875 19.07684814453125 17.305830078125 15.858820800781253 14.735820312499996 13.93682861328125 13.461845703125002 13.31087158203125 13.483906249999999 13.980949707031249 14.802001953124998 15.947062988281246 17.416132812499995 19.209211425781245 21.210781249999997 23.045410156249993 24.684218749999992 26.12720703124999 27.374374999999997 28.42572265625 29.281249999999996 29.94095703125 30.404843749999998 30.672910156249998 30.74515625 30.62158203125 30.302187500000002 29.785471191406252 29.051914062500003 28.09551025390625 26.916259765625 25.51416259765625 23.88921874999999 22.041428222656236 19.97079101562498 17.67730712890622 15.160976562499961 12.421799316406203 9.45977539062494 6.27490478515618 2.8671875
22.227500000000003 20.054523828125003 18.1998453125 16.663464453125005 15.44538125 14.545595703125002 13.964107812500004 13.700917578124999 13.756025000000001 14.129430078125003 14.821132812499998 15.831133203124999 17.159431249999994 18.806026953124995 20.658649999999994 22.352421874999997 23.859275 25.179209375 26.312224999999998 27.258321874999996 28.0175 28.589759375000003 28.975099999999994 29.173521875000006 29.185025000000003 29.009609375 28.647275000000008 28.097322265625007 27.350656250000004 26.404478515625005 25.2587890625 23.913587890625003 22.368874999999996 20.62465039062499 18.680914062499976 16.537666015624975 14.194906249999965 11.652634765624958 8.910851562499946 5.969556640624935 2.8287500000000003
22.956875 20.739947363281253 18.832726953124997 17.235213769531256 15.947407812499998 14.969309082031252 14.300917578125004 13.94223330078125 13.893256249999999 14.153986425781252 14.724423828125 15.604568457031249 16.794420312499994 18.29397939453125 19.995256249999997 21.547285156249995 22.923068749999995 24.122607031249995 25.145899999999994 25.99294765625 26.66375 27.15830703125 27.476618749999997 27.618685156250002 27.584506250000004 27.37408203125 26.98741250000001 26.42440478515626 25.683851562500006 24.765381347656252 23.668994140625 22.39468994140625 20.94246875 19.31233056640624 17.504275390624986 15.518303222656227 13.354414062499966 11.012607910156213 8.49288476562495 5.79524462890619 2.9196875
23.36 21.13311875 19.204474999999995 17.574068749999995 16.241899999999998 15.207968749999997 14.472275 14.034818749999998 13.8956 14.05461875 14.511874999999998 15.267368749999997 16.321099999999998 17.673068749999995 19.220599999999994 20.629999999999995 21.8756 22.957399999999996 23.875399999999992 24.629599999999993 25.219999999999995 25.646599999999996 25.909399999999998 26.008399999999998 25.943600000000004 25.715000000000003 25.322600000000005 24.766718750000003 24.0515 23.17821875 22.146874999999994 20.95746875 19.609999999999992 18.104468749999985 16.44087499999998 14.619218749999975 12.63949999999997 10.501718749999963 8.205874999999955 5.751968749999946 3.14
23.436875000000004 21.234037988281255 19.315089453125005 17.680029394531253 16.328857812499997 15.261574707031253 14.478180078125003 13.97867392578125 13.763056250000002 13.831327050781251 14.183486328125 14.819534082031248 15.739470312499996 16.94329501953125 18.334681250000003 19.600566406249992 20.716868749999996 21.683588281249996 22.500725 23.16827890625 23.686249999999994 24.05463828125 24.273443750000006 24.342666406250004 24.262306250000005 24.032363281250003 23.652837500000008 23.124264160156258 22.453601562500005 21.642990722656254 20.692431640625003 19.601924316406247 18.371468749999995 17.00106494140624 15.490712890624987 13.840412597656233 12.050164062499974 10.119967285156218 8.049822265624957 5.839729003906202 3.4896874999999996
23.1875 21.042705078125 19.1645703125 17.553095703125006 16.208281249999995 15.130126953125 14.3186328125 13.773798828124999 13.495624999999999 13.484111328125001 13.7392578125 14.261064453125 15.049531249999994 16.104658203125 17.3375 18.458984374999996 19.44687499999999 20.301171874999998 21.021874999999998 21.608984375 22.0625 22.382421875000002 22.568749999999998 22.621484374999998 22.540625000000006 22.326171875000004 21.97812500000001 21.49704101562501 20.890156250000004 20.159697265625002 19.3056640625 18.328056640625 17.226874999999996 16.00211914062499 14.653789062499987 13.181884765624982 11.586406249999975 9.86735351562497 8.024726562499962 6.058525390624956 3.968749999999999
22.611875 20.559120019531253 18.752917578124997 17.19326767578125 15.880170312499999 14.81362548828125 13.993633203125004 13.420193457031251 13.09330625 13.012971582031252 13.179189453124998 13.591959863281248 14.251282812499998 15.157158300781248 16.22905625 17.20525390625 18.065618750000002 18.81015078125 19.43885 19.95171640625 20.348750000000003 20.629950781250002 20.795318750000003 20.844853906250005 20.778556250000005 20.59642578125 20.298462500000007 19.885049316406256 19.361164062500002 18.728338378906255 17.986572265625 17.135865722656252 16.176218749999997 15.107631347656241 13.930103515624989 12.643635253906234 11.248226562499978 9.743877441406223 8.130587890624968 6.4083579101562105 4.577187499999998
21.709999999999997 19.783282812499998 18.080131249999994 16.6005453125 15.344524999999997 14.312070312499998 13.503181250000003 12.9178578125 12.5561 12.417907812500001 12.50328125 12.812220312499997 13.344725 14.100795312500003 15.00935 15.839375 16.5731 17.210525 17.751650000000005 18.196475000000003 18.545000000000005 18.797225000000008 18.95315 19.012775 18.9761 18.843125000000008 18.613850000000003 18.288289062500002 17.866625000000006 17.348914062500008 16.73515625 16.0253515625 15.219499999999998 14.317601562499993 13.31965624999999 12.225664062499986 11.035624999999982 9.749539062499977 8.36740624999997 6.889226562499966 5.314999999999997
20.48187500000001 18.715193457031255 17.146211328125005 15.774928613281258 14.601345312500001 13.625461425781252 12.847276953125006 12.266791894531256 11.884006250000002 11.698920019531254 11.711533203125004 11.921845800781254 12.329857812500004 12.935569238281252 13.678381250000005 14.361347656250004 14.969318750000003 15.502294531250003 15.960275000000006 16.343260156250004 16.651250000000005 16.884244531250005 17.042243750000008 17.125247656250007 17.13325625000001 17.066269531250008 16.92428750000001 16.70676025390626 16.40653906250001 16.021424316406257 15.551416015625005 14.996514160156254 14.35671875 13.632029785156249 12.822447265624994 11.92797119140624 10.948601562499988 9.884338378906232 8.735181640624976 7.501131347656221 6.182187499999997
19.051250000000003 17.468653906250005 16.056115625 14.813635156250003 13.741212500000001 12.838847656250001 12.106540625000003 11.54429140625 11.1521 10.92996640625 10.877890625 10.99587265625 11.283912500000001 11.74201015625 12.3206046875 12.858623046875 13.343675 13.775760546875002 14.154879687500003 14.481032421875 14.754218750000005 14.974438671875005 15.1416921875 15.255979296875006 15.317300000000001 15.325654296875001 15.2810421875 15.182234765625005 15.013256250000005 14.769191015625003 14.4500390625 14.055800390625 13.586474999999997 13.042062890624996 12.422564062499994 11.72797851562499 10.958306249999985 10.113547265624986 9.19370156249998 8.198769140624975 7.1287499999999975
17.820312500000007 16.41352050781251 15.15095703125 14.032622070312504 13.058515625 12.228637695312504 11.542988281250004 11.001567382812503 10.604375000000001 10.351411132812503 10.242675781250002 10.2781689453125 10.457890625000001 10.781840820312501 11.210498046875001 11.615417480468754 11.986718750000001 12.324401855468754 12.628466796875003 12.898913574218755 13.135742187500004 13.338952636718755 13.508544921875004 13.644519042968755 13.746875000000006 13.815612792968754 13.850732421875001 13.850471191406253 13.791914062500004 13.668010253906255 13.478759765625002 13.224162597656253 12.904218750000002 12.518928222656248 12.068291015624993 11.552307128906245 10.97097656249999 10.32429931640624 9.612275390624983 8.83490478515623 7.992187499999997
16.82 15.578243750000004 14.456974999999998 13.45619375 12.575899999999999 11.81609375 11.176775000000001 10.657943750000001 10.259600000000002 9.981743750000001 9.824375000000002 9.787493750000001 9.871100000000002 10.075193750000002 10.369175000000004 10.65359375 10.920800000000002 11.170793750000003 11.403575000000002 11.619143750000003 11.817500000000003 11.998643750000006 12.162575000000002 12.309293750000004 12.438800000000006 12.551093750000005 12.646175000000005 12.721912500000004 12.750600000000002 12.723712500000003 12.641250000000003 12.503212500000002 12.309600000000001 12.060412499999998 11.755649999999996 11.395312499999998 10.979399999999993 10.507912499999994 9.98084999999999 9.398212499999985 8.759999999999998
16.0503125 14.962823632812501 13.974169531249998 13.084350195312501 12.293365624999998 11.6012158203125 11.007900781250003 10.5134205078125 10.117774999999998 9.8209642578125 9.62298828125 9.523847070312499 9.523540624999999 9.6220689453125 9.796635546875 9.973151855468751 10.145918750000003 10.314936230468751 10.480204296875005 10.64172294921875 10.7994921875 10.953512011718752 11.103782421875003 11.250303417968755 11.393075000000001 11.53209716796875 11.667369921875004 11.796558691406252 11.889314062500004 11.936297753906254 11.937509765625002 11.892950097656252 11.80261875 11.66651572265625 11.484641015624998 11.256994628906247 10.983576562499996 10.664386816406244 10.29942539062499 9.888692285156237 9.432187499999998
15.511250000000004 14.567260156250002 13.702540625000001 12.91709140625 12.2109125 11.584003906249999 11.036365625 10.567997656249998 10.178899999999999 9.86907265625 9.638515624999998 9.48722890625 9.415212499999999 9.422466406249999 9.492879687500002 9.574091796875 9.662075000000002 9.756829296875 9.858354687500002 9.966651171875004 10.081718750000002 10.203557421875002 10.332167187500003 10.467548046875002 10.609700000000004 10.758623046875002 10.914317187500002 11.074409765625003 11.208056250000002 11.305766015625004 11.367539062500004 11.393375390625003 11.383275000000003 11.337237890625001 11.2552640625 11.137353515625 10.983506249999998 10.793722265624998 10.568001562499996 10.306344140624995 10.00875
15.2028125 14.391553320312502 13.642088281249995 12.9544173828125 12.328540624999999 11.764458007812499 11.262169531249999 10.821675195312498 10.442974999999995 10.126068945312499 9.870957031249997 9.677639257812498 9.546115624999999 9.4763861328125 9.457907421875 9.45641357421875 9.469268749999998 9.496472949218749 9.538026171875 9.59392841796875 9.6641796875 9.74877998046875 9.847729296875 9.96102763671875 10.088675000000002 10.230671386718752 10.387016796875 10.555465722656253 10.706826562500002 10.832117285156253 10.931337890625002 11.004488378906252 11.051568750000003 11.072579003906252 11.067519140624997 11.036389160156249 10.979189062499998 10.895918847656247 10.786578515624996 10.651168066406246 10.489687499999997
15.125 14.435703125 13.792812499999997 13.196328124999999 12.646249999999995 12.142578124999996 11.685312499999998 11.274453124999997 10.909999999999995 10.591953124999998 10.320312499999998 10.095078124999997 9.916249999999996 9.783828125 9.69171875 9.620117187499998 9.567499999999999 9.533867187499999 9.519218749999999 9.5235546875 9.546875 9.5891796875 9.65046875 9.7307421875 9.83 9.948242187499998 10.08546875 10.2397265625 10.385625000000001 10.515351562500003 10.628906250000002 10.726289062500003 10.807500000000001 10.8725390625 10.92140625 10.9541015625 10.970625 10.970976562499999 10.955156249999996 10.923164062499998 10.874999999999998
15.2778125 14.6997095703125 14.154713281249993 13.6428236328125 13.164040624999995 12.718364257812494 12.30579453125 11.926331445312496 11.579974999999994 11.266725195312496 10.986582031249997 10.739545507812498 10.525615624999995 10.344792382812498 10.194313671874996 10.065202636718746 9.956768749999997 9.869012011718748 9.801932421874998 9.755529980468747 9.729804687499998 9.72475654296875 9.740385546874998 9.77669169921875 9.833674999999998 9.911335449218749 10.009673046875 10.127192285156251 10.2444515625 10.355468847656251 10.460244140624999 10.558777441406253 10.651068750000002 10.737118066406254 10.816925390625002 10.890490722656253 10.9578140625 11.01889541015625 11.073734765624998 11.122332128906251 11.164687499999998
15.661249999999997 15.183572656249996 14.727790624999995 14.293903906249994 13.881912499999991 13.491816406249994 13.123615624999996 12.777310156249994 12.452899999999994 12.150385156249992 11.869765624999994 11.611041406249994 11.374212499999995 11.159278906249995 10.965692187499995 10.791669921874993 10.637074999999994 10.501907421874995 10.386167187499996 10.289854296874994 10.212968749999996 10.155510546874998 10.117479687499996 10.098876171874997 10.099699999999997 10.119951171874996 10.159629687499997 10.217862890624998 10.283306249999999 10.352469140624999 10.425351562500001 10.501953515625 10.582275 10.666316015625 10.754076562500002 10.845556640625002 10.940756250000002 11.039675390625002 11.1423140625 11.248672265625004 11.358749999999999
16.275312499999995 15.887292382812495 15.512044531249991 15.149568945312492 14.79986562499999 14.462934570312493 14.138775781249993 13.82738925781249 13.528774999999992 13.242933007812493 12.96986328124999 12.709565820312491 12.46204062499999 12.227287695312492 12.005854296874992 11.79951904296874 11.608418749999991 11.432553417968743 11.271923046874992 11.126527636718741 10.996367187499994 10.881441699218744 10.781751171874992 10.697295605468744 10.628074999999995 10.574089355468745 10.535338671874996 10.511738378906248 10.502189062499996 10.506352441406248 10.524228515624998 10.555817285156252 10.601118750000001 10.66013291015625 10.732859765625 10.819299316406251 10.9194515625 11.033316503906253 11.160894140625 11.302184472656252 11.4571875
17.11999999999999 16.81086874999999 16.50747499999999 16.20981874999999 15.917899999999989 15.63171874999999 15.35127499999999 15.07656874999999 14.807599999999987 14.54436874999999 14.286874999999988 14.03511874999999 13.789099999999987 13.548818749999992 13.31479999999999 13.08874999999999 12.87079999999999 12.660949999999989 12.45919999999999 12.265549999999992 12.079999999999991 11.902549999999993 11.733199999999993 11.571949999999994 11.418799999999994 11.273749999999994 11.136799999999996 11.008818749999996 10.901099999999998 10.817118749999999 10.756874999999997 10.720368749999999 10.7076 10.718568749999998 10.753274999999999 10.81171875 10.893900000000002 10.999818750000003 11.129475000000001 11.282868750000006 11.46
18.19531249999999 17.95430175781249 17.714082031249987 17.474653320312488 17.236015624999986 16.99816894531249 16.761113281249987 16.524848632812486 16.289374999999986 16.054692382812487 15.820800781249986 15.587700195312486 15.355390624999988 15.123872070312487 14.892529296874986 14.659362792968736 14.424218749999987 14.187097167968737 13.947998046874988 13.706921386718738 13.463867187499988 13.21883544921874 12.971826171874989 12.722839355468741 12.471874999999992 12.218933105468743 11.964013671874994 11.709104003906246 11.480039062499994 11.284768066406246 11.123291015624996 10.995607910156249 10.901718749999997 10.841623535156248 10.815322265624998 10.82281494140625 10.8641015625 10.939182128906253 11.048056640625001 11.190725097656253 11.3671875
19.501249999999985 19.31759140624999 19.131865624999985 18.944072656249986 18.754212499999984 18.562285156249985 18.368290624999982 18.172228906249984 17.974099999999982 17.773903906249984 17.571640624999983 17.36731015624998 17.16091249999998 16.952447656249984 16.739042187499983 16.51135742187498 16.268674999999984 16.010994921874982 15.738317187499986 15.450641796874983 15.147968749999986 14.830298046874987 14.497629687499986 14.149963671874989 13.78729999999999 13.40963867187499 13.016979687499994 12.612594140624994 12.239006249999994 11.909300390624995 11.623476562499995 11.381534765624997 11.183474999999998 11.029297265624995 10.919001562499997 10.852587890624998 10.83005625 10.851406640625003 10.916639062500003 11.025753515625006 11.178750000000003
21.00093749999999 20.865705761718747 20.727385546874988 20.585976855468743 20.441479687499992 20.29389404296874 20.143219921874994 19.989457324218737 19.832606249999987 19.672666699218738 19.50963867187499 19.34352216796874 19.174317187499984 19.002023730468736 18.820526953124986 18.609953613281238 18.368774999999992 18.096991113281238 17.794601953124992 17.46160751953124 17.098007812499993 16.70380283203124 16.278992578124992 15.823577050781244 15.337556249999995 14.820930175781246 14.273698828124996 13.700551171874997 13.162443749999996 12.678132421874997 12.247617187499998 11.870898046874997 11.547974999999996 11.278848046874996 11.063517187499995 10.901982421874997 10.794243749999998 10.740301171875002 10.7401546875 10.793804296875004 10.901250000000003
22.214999999999996 22.143229687499996 22.065918749999987 21.983067187499994 21.894674999999992 21.800742187499992 21.701268749999993 21.596254687499993 21.485699999999987 21.369604687499994 21.247968749999988 21.120792187499994 20.98807499999999 20.849817187499994 20.697431249999998 20.50300781249999 20.26439999999999 19.981607812499995 19.654631249999994 19.283470312499993 18.868124999999996 18.408595312499994 17.90488125 17.356982812499997 16.7649 16.1286328125 15.44818125 14.729381250000001 14.0481 13.427681249999997 12.868124999999997 12.369431249999998 11.931599999999998 11.554631249999996 11.238524999999996 10.983281249999997 10.788899999999998 10.655381250000001 10.582725 10.570931250000003 10.620000000000001
22.9959375 23.01003544921875 23.013704296874998 23.00694404296875 22.9897546875 22.96213623046875 22.924088671875 22.87561201171875 22.81670625 22.747371386718747 22.667607421874997 22.577414355468747 22.4767921875 22.365740917968747 22.234508203125003 22.05139892578125 21.813975 21.52223642578125 21.176183203125003 20.77581533203125 20.3211328125 19.812135644531253 19.248823828125 18.631197363281256 17.959256250000006 17.233000488281256 16.452430078125005 15.624132421875004 14.833743750000002 14.107613671875 13.445742187499997 12.848129296875 12.314775 11.845679296874996 11.440842187499996 11.100263671874998 10.823943749999994 10.611882421874997 10.464079687499998 10.380535546875 10.36125
23.34375 23.466123046875 23.5707421875 23.657607421875003 23.72671875 23.778076171875 23.811679687500007 23.827529296875003 23.825625 23.805966796875 23.768554687499996 23.713388671875002 23.640468749999997 23.549794921875 23.431757812500003 23.255126953125 23.017500000000002 22.718876953125 22.359257812500005 21.938642578125 21.457031250000004 20.914423828125003 20.310820312500006 19.646220703125007 18.920625000000005 18.134033203125007 17.286445312500007 16.384804687500008 15.519375000000005 14.717929687500002 13.98046875 13.3069921875 12.6975 12.151992187499998 11.670468749999992 11.252929687499996 10.899374999999996 10.609804687499997 10.384218749999995 10.222617187499997 10.125
23.2584375 23.511492480468753 23.737032421874993 23.935057324218754 24.105567187500004 24.248562011718754 24.364041796875004 24.452006542968753 24.512456250000003 24.545390917968756 24.550810546875002 24.528715136718752 24.479104687500005 24.401979199218754 24.289180078125003 24.114191894531256 23.874975000000006 23.571529394531257 23.203855078125006 22.771952050781255 22.275820312500006 21.71545986328126 21.09087070312501 20.402052832031256 19.649006250000006 18.83173095703126 17.950226953125014 17.011398046875012 16.10499375000001 15.258629296875004 14.472304687500003 13.746019921875002 13.079775 12.473569921874997 11.927404687499997 11.441279296874997 11.015193749999995 10.649148046874997 10.343142187499996 10.097176171874997 9.91125
22.739999999999995 23.146143749999997 23.51257499999999 23.83929375 24.126299999999997 24.373593749999994 24.581175 24.749043750000002 24.8772 24.965643749999998 25.014375 25.023393750000004 24.992699999999996 24.92229375 24.806775000000002 24.62859375 24.3864 24.08019375 23.709975000000004 23.275743750000004 22.777500000000003 22.21524375000001 21.588975000000005 20.89869375000001 20.144400000000008 19.326093750000005 18.44377500000001 17.503912500000013 16.590600000000006 15.729712500000003 14.92125 14.1652125 13.461599999999999 12.810412499999996 12.211649999999995 11.665312499999992 11.171399999999995 10.729912499999994 10.340849999999993 10.004212499999992 9.72
21.78843749999999 22.37007685546874 22.89736992187499 23.370316699218748 23.788917187499994 24.153171386718746 24.463079296874998 24.718640917968745 24.919856249999995 25.066725292968748 25.159248046874993 25.197424511718747 25.181254687499994 25.11073857421875 24.984542578125 24.798332519531247 24.551775 24.24487001953125 23.877617578125005 23.45001767578125 22.962070312500003 22.413775488281253 21.805133203125006 21.136143457031253 20.406806250000006 19.617121582031256 18.76708945312501 17.862348046875006 16.976193750000007 16.131179296875004 15.327304687500003 14.564569921875 13.842975 13.162519921874997 12.523204687499996 11.925029296874996 11.367993749999993 10.852098046874993 10.37734218749999 9.943726171874989 9.551249999999998
20.403749999999985 21.183291796874993 21.891417187499986 22.52812617187499 23.09341874999999 23.587294921874992 24.0097546875 24.36079804687499 24.640424999999993 24.848635546874995 24.985429687499995 25.050807421874996 25.044768749999992 24.967313671874997 24.822482812499995 24.623408203124995 24.3711 24.065558203124997 23.706782812499995 23.294773828124992 22.829531249999995 22.311055078124998 21.7393453125 21.114401953125004 20.436225000000004 19.704814453125007 18.920170312500005 18.086704687500006 17.261775000000004 16.463029687500004 15.690468750000003 14.944092187500003 14.2239 13.529892187499998 12.862068749999997 12.220429687499996 11.604974999999992 11.015704687499992 10.452618749999989 9.915717187499988 9.404999999999998
18.585937499999975 19.58578857421873 20.494716796874982 21.312722167968733 22.03980468749998 22.675964355468732 23.221201171874988 23.675515136718744 24.03890624999999 24.311374511718743 24.49291992187499 24.58354248046874 24.58324218749999 24.492019042968746 24.320595703124994 24.103820800781243 23.844374999999996 23.542258300781246 23.197470703124996 22.810012207031246 22.379882812499993 21.90708251953125 21.391611328125002 20.833469238281253 20.23265625 19.58917236328125 18.903017578125006 18.176982421875007 17.447343750000005 16.725263671875005 16.010742187500004 15.303779296875005 14.604375000000003 13.912529296874997 13.228242187499998 12.551513671874995 11.882343749999993 11.220732421874992 10.566679687499988 9.920185546874986 9.281249999999998
16.334999999999965 17.57756718749997 18.70726874999997 19.724104687499974 20.628074999999974 21.419179687499977 22.09741874999998 22.662792187499985 23.115299999999984 23.454942187499988 23.68171874999998 23.795629687499982 23.79667499999998 23.684854687499985 23.47888124999998 23.239570312499982 22.971599999999988 22.674970312499983 22.349681249999993 21.995732812499988 21.61312499999999 21.201857812499988 20.761931249999993 20.29334531249999 19.796099999999996 19.270195312499997 18.71563125 18.133181250000007 17.532900000000005 16.917881250000004 16.288125000000004 15.643631250000004 14.9844 14.310431249999999 13.621724999999998 12.918281249999998 12.200099999999992 11.467181249999992 10.719524999999987 9.957131249999984 9.179999999999998
13.650937499999952 15.158627636718709 16.52907304687496 17.762273730468713 18.858229687499964 19.816940917968715 20.638407421874977 21.322629199218728 21.869606249999975 22.27933857421873 22.55182617187498 22.68706904296873 22.68506718749998 22.54582060546873 22.297339453124977 22.030656738281227 21.75277499999998 21.463694238281228 21.163414453124982 20.851935644531228 20.52925781249998 20.195380957031237 19.850305078124986 19.49403017578124 19.12655624999999 18.747883300781243 18.358011328125 17.955301171875 17.51844375 17.040882421875004 16.522617187500007 15.963648046875006 15.363975000000005 14.723598046875003 14.042517187500001 13.320732421874999 12.558243749999995 11.755051171874992 10.911154687499986 10.026554296874982 9.101249999999999
10.533749999999936 12.32896992187494 13.960129687499945 15.42722929687495 16.730268749999954 17.869248046874958 18.844167187499966 19.65502617187496 20.301824999999962 20.784563671874967 21.10324218749997 21.257860546874966 21.248418749999967 21.07491679687497 20.775970312499965 20.477080078124963 20.18789999999997 19.908430078124965 19.638670312499972 19.37862070312497 19.128281249999972 18.887651953124976 18.656732812499975 18.43552382812498 18.22402499999998 18.022236328124986 17.83015781249999 17.643342187499993 17.403974999999996 17.094267187499998 16.71421875 16.263829687500003 15.743100000000004 15.1520296875 14.49061875 13.7588671875 12.956774999999993 12.08434218749999 11.141568749999985 10.128454687499978 9.044999999999998
6.983437499999919 9.088594042968676 11.000438671874932 12.718971386718689 14.244192187499943 15.576101074218696 16.714698046874954 17.659983105468704 18.411956249999957 18.97061748046871 19.33596679687496 19.50800419921871 19.48672968749996 19.27214326171871 18.914773828124957 18.578840332031206 18.276974999999954 18.00917783203121 17.775448828124954 17.57578798828121 17.41019531249996 17.278670800781214 17.181214453124966 17.11782626953122 17.088506249999973 17.093254394531225 17.13207070312498 17.19730429687499 17.189493749999993 17.078035546875 16.862929687500003 16.544176171875005 16.121775000000007 15.595726171875006 14.966029687500004 14.232685546875002 13.395693749999996 12.455054296874993 11.410767187499985 10.262832421874979 9
3 5.4375 7.649999999999999 9.6375 11.4 12.9375 14.250000000000002 15.337500000000002 16.2 16.8375 17.25 17.4375 17.4 17.137500000000003 16.71375 16.3359375 16.02 15.765937500000001 15.57375 15.4434375 15.375 15.3684375 15.423749999999998 15.5409375 15.719999999999999 15.960937499999998 16.263749999999995 16.617187499999996 16.875 16.9921875 16.96875 16.8046875 16.5 16.054687499999996 15.468749999999993 14.74218749999999 13.874999999999986 12.867187499999982 11.718749999999975 10.429687499999972 9
